average_term_similarity.csv 4 144 1 351 0.71 0
average_term_similarity.csv 4 144 1 351 0.71 .05000000000000000000
average_term_similarity.csv 4 144 1 351 0.71 .10000000000000000000
average_term_similarity.csv 4 144 1 351 0.71 .15000000000000000000
average_term_similarity.csv 4 144 1 351 0.71 .20000000000000000000
average_term_similarity.csv 4 144 1 351 0.71 .25000000000000000000
average_term_similarity.csv 4 144 1 351 0.71 .30000000000000000000
average_term_similarity.csv 4 144 1 351 0.71 .35000000000000000000
average_term_similarity.csv 4 144 1 351 0.71 .40000000000000000000
average_term_similarity.csv 4 144 1 351 0.71 .45000000000000000000
average_term_similarity.csv 4 144 1 351 0.71 .50000000000000000000
average_term_similarity.csv 4 144 1 351 0.71 .55000000000000000000
average_term_similarity.csv 6 142 1 351 0.714 .60000000000000000000
average_term_similarity.csv 8 140 1 351 0.718 .65000000000000000000
average_term_similarity.csv 12 136 1 351 0.726 .70000000000000000000
average_term_similarity.csv 17 131 1 351 0.736 .75000000000000000000
average_term_similarity.csv 33 115 1 351 0.768 .80000000000000000000
average_term_similarity.csv 54 94 1 351 0.81 .85000000000000000000
average_term_similarity.csv 71 77 1 351 0.844 .90000000000000000000
average_term_similarity.csv 100 48 1 351 0.902 .95000000000000000000
average_term_similarity.csv 112 36 3 349 0.922 1.00000000000000000000
average_term_similarity.csv 122 26 12 340 0.924 1.05000000000000000000
average_term_similarity.csv 127 21 17 335 0.924 1.10000000000000000000
average_term_similarity.csv 133 15 30 322 0.91 1.15000000000000000000
average_term_similarity.csv 137 11 40 312 0.898 1.20000000000000000000
average_term_similarity.csv 139 9 59 293 0.864 1.25000000000000000000
average_term_similarity.csv 141 7 81 271 0.824 1.30000000000000000000
average_term_similarity.csv 142 6 102 250 0.784 1.35000000000000000000
average_term_similarity.csv 142 6 117 235 0.754 1.40000000000000000000
average_term_similarity.csv 143 5 134 218 0.722 1.45000000000000000000
average_term_similarity.csv 144 4 157 195 0.678 1.50000000000000000000
average_term_similarity.csv 144 4 184 168 0.624 1.55000000000000000000
average_term_similarity.csv 145 3 207 145 0.58 1.60000000000000000000
average_term_similarity.csv 147 1 232 120 0.534 1.65000000000000000000
average_term_similarity.csv 147 1 249 103 0.5 1.70000000000000000000
average_term_similarity.csv 147 1 271 81 0.456 1.75000000000000000000
average_term_similarity.csv 147 1 289 63 0.42 1.80000000000000000000
average_term_similarity.csv 148 0 297 55 0.406 1.85000000000000000000
average_term_similarity.csv 148 0 307 45 0.386 1.90000000000000000000
average_term_similarity.csv 148 0 315 37 0.37 1.95000000000000000000
average_term_similarity.csv 148 0 318 34 0.364 2.00000000000000000000
