average_tfidf_similarity.csv 0 164 0 336 0.672 0
average_tfidf_similarity.csv 0 164 0 336 0.672 .05000000000000000000
average_tfidf_similarity.csv 0 164 0 336 0.672 .10000000000000000000
average_tfidf_similarity.csv 1 163 0 336 0.674 .15000000000000000000
average_tfidf_similarity.csv 1 163 0 336 0.674 .20000000000000000000
average_tfidf_similarity.csv 1 163 0 336 0.674 .25000000000000000000
average_tfidf_similarity.csv 1 163 0 336 0.674 .30000000000000000000
average_tfidf_similarity.csv 1 163 0 336 0.674 .35000000000000000000
average_tfidf_similarity.csv 2 162 0 336 0.676 .40000000000000000000
average_tfidf_similarity.csv 7 157 0 336 0.686 .45000000000000000000
average_tfidf_similarity.csv 22 142 0 336 0.716 .50000000000000000000
average_tfidf_similarity.csv 36 128 0 336 0.744 .55000000000000000000
average_tfidf_similarity.csv 56 108 0 336 0.784 .60000000000000000000
average_tfidf_similarity.csv 87 77 0 336 0.846 .65000000000000000000
average_tfidf_similarity.csv 113 51 0 336 0.898 .70000000000000000000
average_tfidf_similarity.csv 130 34 0 336 0.932 .75000000000000000000
average_tfidf_similarity.csv 140 24 0 336 0.952 .80000000000000000000
average_tfidf_similarity.csv 149 15 0 336 0.97 .85000000000000000000
average_tfidf_similarity.csv 156 8 2 334 0.98 .90000000000000000000
average_tfidf_similarity.csv 157 7 2 334 0.982 .95000000000000000000
average_tfidf_similarity.csv 162 2 3 333 0.99 1.00000000000000000000
average_tfidf_similarity.csv 162 2 8 328 0.98 1.05000000000000000000
average_tfidf_similarity.csv 163 1 15 321 0.968 1.10000000000000000000
average_tfidf_similarity.csv 163 1 20 316 0.958 1.15000000000000000000
average_tfidf_similarity.csv 163 1 35 301 0.928 1.20000000000000000000
average_tfidf_similarity.csv 163 1 42 294 0.914 1.25000000000000000000
average_tfidf_similarity.csv 163 1 49 287 0.9 1.30000000000000000000
average_tfidf_similarity.csv 164 0 61 275 0.878 1.35000000000000000000
average_tfidf_similarity.csv 164 0 75 261 0.85 1.40000000000000000000
average_tfidf_similarity.csv 164 0 81 255 0.838 1.45000000000000000000
average_tfidf_similarity.csv 164 0 96 240 0.808 1.50000000000000000000
average_tfidf_similarity.csv 164 0 110 226 0.78 1.55000000000000000000
average_tfidf_similarity.csv 164 0 120 216 0.76 1.60000000000000000000
average_tfidf_similarity.csv 164 0 132 204 0.736 1.65000000000000000000
average_tfidf_similarity.csv 164 0 147 189 0.706 1.70000000000000000000
average_tfidf_similarity.csv 164 0 167 169 0.666 1.75000000000000000000
average_tfidf_similarity.csv 164 0 182 154 0.636 1.80000000000000000000
average_tfidf_similarity.csv 164 0 196 140 0.608 1.85000000000000000000
average_tfidf_similarity.csv 164 0 209 127 0.582 1.90000000000000000000
average_tfidf_similarity.csv 164 0 225 111 0.55 1.95000000000000000000
average_tfidf_similarity.csv 164 0 242 94 0.516 2.00000000000000000000
