average_tfidf_similarity.csv 4 144 1 351 0.71 0
average_tfidf_similarity.csv 4 144 1 351 0.71 .05000000000000000000
average_tfidf_similarity.csv 4 144 1 351 0.71 .10000000000000000000
average_tfidf_similarity.csv 4 144 1 351 0.71 .15000000000000000000
average_tfidf_similarity.csv 5 143 1 351 0.712 .20000000000000000000
average_tfidf_similarity.csv 6 142 1 351 0.714 .25000000000000000000
average_tfidf_similarity.csv 11 137 1 351 0.724 .30000000000000000000
average_tfidf_similarity.csv 13 135 1 351 0.728 .35000000000000000000
average_tfidf_similarity.csv 26 122 1 351 0.754 .40000000000000000000
average_tfidf_similarity.csv 40 108 1 351 0.782 .45000000000000000000
average_tfidf_similarity.csv 60 88 1 351 0.822 .50000000000000000000
average_tfidf_similarity.csv 80 68 1 351 0.862 .55000000000000000000
average_tfidf_similarity.csv 95 53 1 351 0.892 .60000000000000000000
average_tfidf_similarity.csv 113 35 1 351 0.928 .65000000000000000000
average_tfidf_similarity.csv 130 18 1 351 0.962 .70000000000000000000
average_tfidf_similarity.csv 135 13 1 351 0.972 .75000000000000000000
average_tfidf_similarity.csv 140 8 2 350 0.98 .80000000000000000000
average_tfidf_similarity.csv 142 6 2 350 0.984 .85000000000000000000
average_tfidf_similarity.csv 145 3 5 347 0.984 .90000000000000000000
average_tfidf_similarity.csv 146 2 8 344 0.98 .95000000000000000000
average_tfidf_similarity.csv 148 0 14 338 0.972 1.00000000000000000000
average_tfidf_similarity.csv 148 0 18 334 0.964 1.05000000000000000000
average_tfidf_similarity.csv 148 0 23 329 0.954 1.10000000000000000000
average_tfidf_similarity.csv 148 0 32 320 0.936 1.15000000000000000000
average_tfidf_similarity.csv 148 0 46 306 0.908 1.20000000000000000000
average_tfidf_similarity.csv 148 0 56 296 0.888 1.25000000000000000000
average_tfidf_similarity.csv 148 0 72 280 0.856 1.30000000000000000000
average_tfidf_similarity.csv 148 0 84 268 0.832 1.35000000000000000000
average_tfidf_similarity.csv 148 0 96 256 0.808 1.40000000000000000000
average_tfidf_similarity.csv 148 0 111 241 0.778 1.45000000000000000000
average_tfidf_similarity.csv 148 0 126 226 0.748 1.50000000000000000000
average_tfidf_similarity.csv 148 0 138 214 0.724 1.55000000000000000000
average_tfidf_similarity.csv 148 0 146 206 0.708 1.60000000000000000000
average_tfidf_similarity.csv 148 0 160 192 0.68 1.65000000000000000000
average_tfidf_similarity.csv 148 0 176 176 0.648 1.70000000000000000000
average_tfidf_similarity.csv 148 0 197 155 0.606 1.75000000000000000000
average_tfidf_similarity.csv 148 0 206 146 0.588 1.80000000000000000000
average_tfidf_similarity.csv 148 0 216 136 0.568 1.85000000000000000000
average_tfidf_similarity.csv 148 0 232 120 0.536 1.90000000000000000000
average_tfidf_similarity.csv 148 0 239 113 0.522 1.95000000000000000000
average_tfidf_similarity.csv 148 0 247 105 0.506 2.00000000000000000000
