average_tfidf_similarity.csv 0 143 2 355 0.71 0
average_tfidf_similarity.csv 0 143 2 355 0.71 .05000000000000000000
average_tfidf_similarity.csv 1 142 2 355 0.712 .10000000000000000000
average_tfidf_similarity.csv 1 142 2 355 0.712 .15000000000000000000
average_tfidf_similarity.csv 1 142 2 355 0.712 .20000000000000000000
average_tfidf_similarity.csv 2 141 2 355 0.714 .25000000000000000000
average_tfidf_similarity.csv 4 139 2 355 0.718 .30000000000000000000
average_tfidf_similarity.csv 4 139 2 355 0.718 .35000000000000000000
average_tfidf_similarity.csv 8 135 2 355 0.726 .40000000000000000000
average_tfidf_similarity.csv 19 124 2 355 0.748 .45000000000000000000
average_tfidf_similarity.csv 39 104 2 355 0.788 .50000000000000000000
average_tfidf_similarity.csv 58 85 2 355 0.826 .55000000000000000000
average_tfidf_similarity.csv 74 69 2 355 0.858 .60000000000000000000
average_tfidf_similarity.csv 88 55 2 355 0.886 .65000000000000000000
average_tfidf_similarity.csv 104 39 3 354 0.916 .70000000000000000000
average_tfidf_similarity.csv 118 25 3 354 0.944 .75000000000000000000
average_tfidf_similarity.csv 131 12 3 354 0.97 .80000000000000000000
average_tfidf_similarity.csv 133 10 4 353 0.972 .85000000000000000000
average_tfidf_similarity.csv 136 7 5 352 0.976 .90000000000000000000
average_tfidf_similarity.csv 136 7 7 350 0.972 .95000000000000000000
average_tfidf_similarity.csv 136 7 8 349 0.97 1.00000000000000000000
average_tfidf_similarity.csv 138 5 13 344 0.964 1.05000000000000000000
average_tfidf_similarity.csv 141 2 17 340 0.962 1.10000000000000000000
average_tfidf_similarity.csv 142 1 22 335 0.954 1.15000000000000000000
average_tfidf_similarity.csv 143 0 32 325 0.936 1.20000000000000000000
average_tfidf_similarity.csv 143 0 40 317 0.92 1.25000000000000000000
average_tfidf_similarity.csv 143 0 55 302 0.89 1.30000000000000000000
average_tfidf_similarity.csv 143 0 73 284 0.854 1.35000000000000000000
average_tfidf_similarity.csv 143 0 91 266 0.818 1.40000000000000000000
average_tfidf_similarity.csv 143 0 108 249 0.784 1.45000000000000000000
average_tfidf_similarity.csv 143 0 128 229 0.744 1.50000000000000000000
average_tfidf_similarity.csv 143 0 140 217 0.72 1.55000000000000000000
average_tfidf_similarity.csv 143 0 148 209 0.704 1.60000000000000000000
average_tfidf_similarity.csv 143 0 162 195 0.676 1.65000000000000000000
average_tfidf_similarity.csv 143 0 182 175 0.636 1.70000000000000000000
average_tfidf_similarity.csv 143 0 196 161 0.608 1.75000000000000000000
average_tfidf_similarity.csv 143 0 211 146 0.578 1.80000000000000000000
average_tfidf_similarity.csv 143 0 226 131 0.548 1.85000000000000000000
average_tfidf_similarity.csv 143 0 238 119 0.524 1.90000000000000000000
average_tfidf_similarity.csv 143 0 246 111 0.508 1.95000000000000000000
average_tfidf_similarity.csv 143 0 255 102 0.49 2.00000000000000000000
