average_term_similarity.csv 4 160 0 336 0.68 0
average_term_similarity.csv 4 160 0 336 0.68 .05000000000000000000
average_term_similarity.csv 4 160 0 336 0.68 .10000000000000000000
average_term_similarity.csv 4 160 0 336 0.68 .15000000000000000000
average_term_similarity.csv 5 159 0 336 0.682 .20000000000000000000
average_term_similarity.csv 5 159 0 336 0.682 .25000000000000000000
average_term_similarity.csv 5 159 0 336 0.682 .30000000000000000000
average_term_similarity.csv 6 158 0 336 0.684 .35000000000000000000
average_term_similarity.csv 7 157 0 336 0.686 .40000000000000000000
average_term_similarity.csv 7 157 0 336 0.686 .45000000000000000000
average_term_similarity.csv 7 157 0 336 0.686 .50000000000000000000
average_term_similarity.csv 7 157 0 336 0.686 .55000000000000000000
average_term_similarity.csv 7 157 0 336 0.686 .60000000000000000000
average_term_similarity.csv 10 154 0 336 0.692 .65000000000000000000
average_term_similarity.csv 12 152 0 336 0.696 .70000000000000000000
average_term_similarity.csv 18 146 0 336 0.708 .75000000000000000000
average_term_similarity.csv 31 133 0 336 0.734 .80000000000000000000
average_term_similarity.csv 43 121 0 336 0.758 .85000000000000000000
average_term_similarity.csv 56 108 1 335 0.782 .90000000000000000000
average_term_similarity.csv 87 77 1 335 0.844 .95000000000000000000
average_term_similarity.csv 119 45 2 334 0.906 1.00000000000000000000
average_term_similarity.csv 128 36 7 329 0.914 1.05000000000000000000
average_term_similarity.csv 142 22 15 321 0.926 1.10000000000000000000
average_term_similarity.csv 147 17 27 309 0.912 1.15000000000000000000
average_term_similarity.csv 154 10 43 293 0.894 1.20000000000000000000
average_term_similarity.csv 157 7 60 276 0.866 1.25000000000000000000
average_term_similarity.csv 158 6 73 263 0.842 1.30000000000000000000
average_term_similarity.csv 158 6 90 246 0.808 1.35000000000000000000
average_term_similarity.csv 158 6 117 219 0.754 1.40000000000000000000
average_term_similarity.csv 158 6 141 195 0.706 1.45000000000000000000
average_term_similarity.csv 161 3 165 171 0.664 1.50000000000000000000
average_term_similarity.csv 161 3 196 140 0.602 1.55000000000000000000
average_term_similarity.csv 161 3 215 121 0.564 1.60000000000000000000
average_term_similarity.csv 162 2 229 107 0.538 1.65000000000000000000
average_term_similarity.csv 163 1 243 93 0.512 1.70000000000000000000
average_term_similarity.csv 163 1 257 79 0.484 1.75000000000000000000
average_term_similarity.csv 164 0 266 70 0.468 1.80000000000000000000
average_term_similarity.csv 164 0 276 60 0.448 1.85000000000000000000
average_term_similarity.csv 164 0 285 51 0.43 1.90000000000000000000
average_term_similarity.csv 164 0 295 41 0.41 1.95000000000000000000
average_term_similarity.csv 164 0 304 32 0.392 2.00000000000000000000
