average_term_similarity.csv 0 143 2 355 0.71 0
average_term_similarity.csv 0 143 2 355 0.71 .05000000000000000000
average_term_similarity.csv 1 142 2 355 0.712 .10000000000000000000
average_term_similarity.csv 1 142 2 355 0.712 .15000000000000000000
average_term_similarity.csv 1 142 2 355 0.712 .20000000000000000000
average_term_similarity.csv 1 142 2 355 0.712 .25000000000000000000
average_term_similarity.csv 1 142 2 355 0.712 .30000000000000000000
average_term_similarity.csv 1 142 2 355 0.712 .35000000000000000000
average_term_similarity.csv 2 141 2 355 0.714 .40000000000000000000
average_term_similarity.csv 2 141 2 355 0.714 .45000000000000000000
average_term_similarity.csv 2 141 2 355 0.714 .50000000000000000000
average_term_similarity.csv 4 139 2 355 0.718 .55000000000000000000
average_term_similarity.csv 9 134 2 355 0.728 .60000000000000000000
average_term_similarity.csv 15 128 2 355 0.74 .65000000000000000000
average_term_similarity.csv 20 123 3 354 0.748 .70000000000000000000
average_term_similarity.csv 30 113 4 353 0.766 .75000000000000000000
average_term_similarity.csv 48 95 5 352 0.8 .80000000000000000000
average_term_similarity.csv 70 73 5 352 0.844 .85000000000000000000
average_term_similarity.csv 95 48 7 350 0.89 .90000000000000000000
average_term_similarity.csv 111 32 8 349 0.92 .95000000000000000000
average_term_similarity.csv 125 18 15 342 0.934 1.00000000000000000000
average_term_similarity.csv 131 12 31 326 0.914 1.05000000000000000000
average_term_similarity.csv 133 10 49 308 0.882 1.10000000000000000000
average_term_similarity.csv 135 8 69 288 0.846 1.15000000000000000000
average_term_similarity.csv 138 5 95 262 0.8 1.20000000000000000000
average_term_similarity.csv 141 2 118 239 0.76 1.25000000000000000000
average_term_similarity.csv 141 2 145 212 0.706 1.30000000000000000000
average_term_similarity.csv 141 2 170 187 0.656 1.35000000000000000000
average_term_similarity.csv 141 2 196 161 0.604 1.40000000000000000000
average_term_similarity.csv 142 1 215 142 0.568 1.45000000000000000000
average_term_similarity.csv 142 1 233 124 0.532 1.50000000000000000000
average_term_similarity.csv 142 1 261 96 0.476 1.55000000000000000000
average_term_similarity.csv 143 0 268 89 0.464 1.60000000000000000000
average_term_similarity.csv 143 0 280 77 0.44 1.65000000000000000000
average_term_similarity.csv 143 0 289 68 0.422 1.70000000000000000000
average_term_similarity.csv 143 0 300 57 0.4 1.75000000000000000000
average_term_similarity.csv 143 0 307 50 0.386 1.80000000000000000000
average_term_similarity.csv 143 0 315 42 0.37 1.85000000000000000000
average_term_similarity.csv 143 0 320 37 0.36 1.90000000000000000000
average_term_similarity.csv 143 0 325 32 0.35 1.95000000000000000000
average_term_similarity.csv 143 0 327 30 0.346 2.00000000000000000000
