average_tfidf_similarity.csv 3 148 0 349 0.704 0
average_tfidf_similarity.csv 3 148 0 349 0.704 .05000000000000000000
average_tfidf_similarity.csv 3 148 0 349 0.704 .10000000000000000000
average_tfidf_similarity.csv 3 148 0 349 0.704 .15000000000000000000
average_tfidf_similarity.csv 5 146 0 349 0.708 .20000000000000000000
average_tfidf_similarity.csv 9 142 0 349 0.716 .25000000000000000000
average_tfidf_similarity.csv 10 141 0 349 0.718 .30000000000000000000
average_tfidf_similarity.csv 12 139 0 349 0.722 .35000000000000000000
average_tfidf_similarity.csv 15 136 0 349 0.728 .40000000000000000000
average_tfidf_similarity.csv 17 134 0 349 0.732 .45000000000000000000
average_tfidf_similarity.csv 24 127 0 349 0.746 .50000000000000000000
average_tfidf_similarity.csv 32 119 0 349 0.762 .55000000000000000000
average_tfidf_similarity.csv 48 103 0 349 0.794 .60000000000000000000
average_tfidf_similarity.csv 67 84 0 349 0.832 .65000000000000000000
average_tfidf_similarity.csv 81 70 0 349 0.86 .70000000000000000000
average_tfidf_similarity.csv 98 53 0 349 0.894 .75000000000000000000
average_tfidf_similarity.csv 111 40 0 349 0.92 .80000000000000000000
average_tfidf_similarity.csv 124 27 0 349 0.946 .85000000000000000000
average_tfidf_similarity.csv 130 21 1 348 0.956 .90000000000000000000
average_tfidf_similarity.csv 136 15 1 348 0.968 .95000000000000000000
average_tfidf_similarity.csv 142 9 1 348 0.98 1.00000000000000000000
average_tfidf_similarity.csv 143 8 2 347 0.98 1.05000000000000000000
average_tfidf_similarity.csv 145 6 4 345 0.98 1.10000000000000000000
average_tfidf_similarity.csv 145 6 8 341 0.972 1.15000000000000000000
average_tfidf_similarity.csv 146 5 13 336 0.964 1.20000000000000000000
average_tfidf_similarity.csv 147 4 16 333 0.96 1.25000000000000000000
average_tfidf_similarity.csv 148 3 20 329 0.954 1.30000000000000000000
average_tfidf_similarity.csv 149 2 29 320 0.938 1.35000000000000000000
average_tfidf_similarity.csv 149 2 37 312 0.922 1.40000000000000000000
average_tfidf_similarity.csv 150 1 48 301 0.902 1.45000000000000000000
average_tfidf_similarity.csv 150 1 62 287 0.874 1.50000000000000000000
average_tfidf_similarity.csv 150 1 68 281 0.862 1.55000000000000000000
average_tfidf_similarity.csv 150 1 79 270 0.84 1.60000000000000000000
average_tfidf_similarity.csv 150 1 88 261 0.822 1.65000000000000000000
average_tfidf_similarity.csv 150 1 101 248 0.796 1.70000000000000000000
average_tfidf_similarity.csv 150 1 114 235 0.77 1.75000000000000000000
average_tfidf_similarity.csv 150 1 126 223 0.746 1.80000000000000000000
average_tfidf_similarity.csv 150 1 133 216 0.732 1.85000000000000000000
average_tfidf_similarity.csv 150 1 147 202 0.704 1.90000000000000000000
average_tfidf_similarity.csv 150 1 155 194 0.688 1.95000000000000000000
average_tfidf_similarity.csv 150 1 166 183 0.666 2.00000000000000000000
