average_term_similarity.csv 3 148 0 349 0.704 0
average_term_similarity.csv 3 148 0 349 0.704 .05000000000000000000
average_term_similarity.csv 3 148 0 349 0.704 .10000000000000000000
average_term_similarity.csv 4 147 0 349 0.706 .15000000000000000000
average_term_similarity.csv 4 147 0 349 0.706 .20000000000000000000
average_term_similarity.csv 4 147 0 349 0.706 .25000000000000000000
average_term_similarity.csv 4 147 0 349 0.706 .30000000000000000000
average_term_similarity.csv 4 147 0 349 0.706 .35000000000000000000
average_term_similarity.csv 5 146 0 349 0.708 .40000000000000000000
average_term_similarity.csv 6 145 0 349 0.71 .45000000000000000000
average_term_similarity.csv 6 145 0 349 0.71 .50000000000000000000
average_term_similarity.csv 6 145 0 349 0.71 .55000000000000000000
average_term_similarity.csv 6 145 0 349 0.71 .60000000000000000000
average_term_similarity.csv 11 140 0 349 0.72 .65000000000000000000
average_term_similarity.csv 12 139 0 349 0.722 .70000000000000000000
average_term_similarity.csv 18 133 0 349 0.734 .75000000000000000000
average_term_similarity.csv 30 121 0 349 0.758 .80000000000000000000
average_term_similarity.csv 49 102 0 349 0.796 .85000000000000000000
average_term_similarity.csv 60 91 2 347 0.814 .90000000000000000000
average_term_similarity.csv 93 58 2 347 0.88 .95000000000000000000
average_term_similarity.csv 111 40 3 346 0.914 1.00000000000000000000
average_term_similarity.csv 123 28 9 340 0.926 1.05000000000000000000
average_term_similarity.csv 127 24 16 333 0.92 1.10000000000000000000
average_term_similarity.csv 134 17 30 319 0.906 1.15000000000000000000
average_term_similarity.csv 139 12 48 301 0.88 1.20000000000000000000
average_term_similarity.csv 141 10 62 287 0.856 1.25000000000000000000
average_term_similarity.csv 145 6 76 273 0.836 1.30000000000000000000
average_term_similarity.csv 145 6 94 255 0.8 1.35000000000000000000
average_term_similarity.csv 146 5 127 222 0.736 1.40000000000000000000
average_term_similarity.csv 147 4 146 203 0.7 1.45000000000000000000
average_term_similarity.csv 148 3 176 173 0.642 1.50000000000000000000
average_term_similarity.csv 148 3 203 146 0.588 1.55000000000000000000
average_term_similarity.csv 148 3 222 127 0.55 1.60000000000000000000
average_term_similarity.csv 148 3 243 106 0.508 1.65000000000000000000
average_term_similarity.csv 149 2 251 98 0.494 1.70000000000000000000
average_term_similarity.csv 149 2 262 87 0.472 1.75000000000000000000
average_term_similarity.csv 149 2 283 66 0.43 1.80000000000000000000
average_term_similarity.csv 149 2 294 55 0.408 1.85000000000000000000
average_term_similarity.csv 150 1 305 44 0.388 1.90000000000000000000
average_term_similarity.csv 150 1 313 36 0.372 1.95000000000000000000
average_term_similarity.csv 150 1 322 27 0.354 2.00000000000000000000
