average_tfidf_similarity.csv 4 160 0 336 0.68 0
average_tfidf_similarity.csv 4 160 0 336 0.68 .05000000000000000000
average_tfidf_similarity.csv 5 159 0 336 0.682 .10000000000000000000
average_tfidf_similarity.csv 5 159 0 336 0.682 .15000000000000000000
average_tfidf_similarity.csv 5 159 0 336 0.682 .20000000000000000000
average_tfidf_similarity.csv 5 159 0 336 0.682 .25000000000000000000
average_tfidf_similarity.csv 6 158 0 336 0.684 .30000000000000000000
average_tfidf_similarity.csv 7 157 0 336 0.686 .35000000000000000000
average_tfidf_similarity.csv 8 156 0 336 0.688 .40000000000000000000
average_tfidf_similarity.csv 8 156 0 336 0.688 .45000000000000000000
average_tfidf_similarity.csv 11 153 0 336 0.694 .50000000000000000000
average_tfidf_similarity.csv 13 151 0 336 0.698 .55000000000000000000
average_tfidf_similarity.csv 17 147 0 336 0.706 .60000000000000000000
average_tfidf_similarity.csv 18 146 0 336 0.708 .65000000000000000000
average_tfidf_similarity.csv 31 133 0 336 0.734 .70000000000000000000
average_tfidf_similarity.csv 49 115 0 336 0.77 .75000000000000000000
average_tfidf_similarity.csv 71 93 0 336 0.814 .80000000000000000000
average_tfidf_similarity.csv 92 72 0 336 0.856 .85000000000000000000
average_tfidf_similarity.csv 110 54 0 336 0.892 .90000000000000000000
average_tfidf_similarity.csv 125 39 0 336 0.922 .95000000000000000000
average_tfidf_similarity.csv 141 23 0 336 0.954 1.00000000000000000000
average_tfidf_similarity.csv 146 18 0 336 0.964 1.05000000000000000000
average_tfidf_similarity.csv 148 16 2 334 0.964 1.10000000000000000000
average_tfidf_similarity.csv 154 10 4 332 0.972 1.15000000000000000000
average_tfidf_similarity.csv 156 8 5 331 0.974 1.20000000000000000000
average_tfidf_similarity.csv 156 8 13 323 0.958 1.25000000000000000000
average_tfidf_similarity.csv 159 5 16 320 0.958 1.30000000000000000000
average_tfidf_similarity.csv 160 4 19 317 0.954 1.35000000000000000000
average_tfidf_similarity.csv 160 4 26 310 0.94 1.40000000000000000000
average_tfidf_similarity.csv 161 3 29 307 0.936 1.45000000000000000000
average_tfidf_similarity.csv 161 3 37 299 0.92 1.50000000000000000000
average_tfidf_similarity.csv 162 2 44 292 0.908 1.55000000000000000000
average_tfidf_similarity.csv 162 2 49 287 0.898 1.60000000000000000000
average_tfidf_similarity.csv 162 2 55 281 0.886 1.65000000000000000000
average_tfidf_similarity.csv 162 2 66 270 0.864 1.70000000000000000000
average_tfidf_similarity.csv 163 1 80 256 0.838 1.75000000000000000000
average_tfidf_similarity.csv 163 1 91 245 0.816 1.80000000000000000000
average_tfidf_similarity.csv 164 0 102 234 0.796 1.85000000000000000000
average_tfidf_similarity.csv 164 0 114 222 0.772 1.90000000000000000000
average_tfidf_similarity.csv 164 0 121 215 0.758 1.95000000000000000000
average_tfidf_similarity.csv 164 0 126 210 0.748 2.00000000000000000000
