average_term_similarity.csv 0 164 0 336 0.672 0
average_term_similarity.csv 0 164 0 336 0.672 .05000000000000000000
average_term_similarity.csv 0 164 0 336 0.672 .10000000000000000000
average_term_similarity.csv 1 163 0 336 0.674 .15000000000000000000
average_term_similarity.csv 1 163 0 336 0.674 .20000000000000000000
average_term_similarity.csv 1 163 0 336 0.674 .25000000000000000000
average_term_similarity.csv 1 163 0 336 0.674 .30000000000000000000
average_term_similarity.csv 1 163 0 336 0.674 .35000000000000000000
average_term_similarity.csv 3 161 0 336 0.678 .40000000000000000000
average_term_similarity.csv 4 160 0 336 0.68 .45000000000000000000
average_term_similarity.csv 4 160 0 336 0.68 .50000000000000000000
average_term_similarity.csv 4 160 0 336 0.68 .55000000000000000000
average_term_similarity.csv 12 152 0 336 0.696 .60000000000000000000
average_term_similarity.csv 20 144 0 336 0.712 .65000000000000000000
average_term_similarity.csv 35 129 0 336 0.742 .70000000000000000000
average_term_similarity.csv 56 108 1 335 0.782 .75000000000000000000
average_term_similarity.csv 69 95 1 335 0.808 .80000000000000000000
average_term_similarity.csv 89 75 1 335 0.848 .85000000000000000000
average_term_similarity.csv 125 39 4 332 0.914 .90000000000000000000
average_term_similarity.csv 143 21 7 329 0.944 .95000000000000000000
average_term_similarity.csv 149 15 13 323 0.944 1.00000000000000000000
average_term_similarity.csv 155 9 33 303 0.916 1.05000000000000000000
average_term_similarity.csv 158 6 49 287 0.89 1.10000000000000000000
average_term_similarity.csv 159 5 63 273 0.864 1.15000000000000000000
average_term_similarity.csv 161 3 81 255 0.832 1.20000000000000000000
average_term_similarity.csv 162 2 102 234 0.792 1.25000000000000000000
average_term_similarity.csv 162 2 123 213 0.75 1.30000000000000000000
average_term_similarity.csv 162 2 142 194 0.712 1.35000000000000000000
average_term_similarity.csv 163 1 164 172 0.67 1.40000000000000000000
average_term_similarity.csv 163 1 194 142 0.61 1.45000000000000000000
average_term_similarity.csv 163 1 216 120 0.566 1.50000000000000000000
average_term_similarity.csv 163 1 243 93 0.512 1.55000000000000000000
average_term_similarity.csv 163 1 262 74 0.474 1.60000000000000000000
average_term_similarity.csv 164 0 267 69 0.466 1.65000000000000000000
average_term_similarity.csv 164 0 282 54 0.436 1.70000000000000000000
average_term_similarity.csv 164 0 291 45 0.418 1.75000000000000000000
average_term_similarity.csv 164 0 300 36 0.4 1.80000000000000000000
average_term_similarity.csv 164 0 305 31 0.39 1.85000000000000000000
average_term_similarity.csv 164 0 309 27 0.382 1.90000000000000000000
average_term_similarity.csv 164 0 314 22 0.372 1.95000000000000000000
average_term_similarity.csv 164 0 316 20 0.368 2.00000000000000000000
