average_term_similarity.csv 5 150 3 342 0.694 0
average_term_similarity.csv 5 150 3 342 0.694 .05000000000000000000
average_term_similarity.csv 5 150 3 342 0.694 .10000000000000000000
average_term_similarity.csv 5 150 3 342 0.694 .15000000000000000000
average_term_similarity.csv 5 150 3 342 0.694 .20000000000000000000
average_term_similarity.csv 5 150 3 342 0.694 .25000000000000000000
average_term_similarity.csv 5 150 3 342 0.694 .30000000000000000000
average_term_similarity.csv 5 150 3 342 0.694 .35000000000000000000
average_term_similarity.csv 5 150 3 342 0.694 .40000000000000000000
average_term_similarity.csv 5 150 3 342 0.694 .45000000000000000000
average_term_similarity.csv 5 150 3 342 0.694 .50000000000000000000
average_term_similarity.csv 5 150 3 342 0.694 .55000000000000000000
average_term_similarity.csv 7 148 3 342 0.698 .60000000000000000000
average_term_similarity.csv 9 146 3 342 0.702 .65000000000000000000
average_term_similarity.csv 12 143 3 342 0.708 .70000000000000000000
average_term_similarity.csv 18 137 3 342 0.72 .75000000000000000000
average_term_similarity.csv 29 126 4 341 0.74 .80000000000000000000
average_term_similarity.csv 50 105 4 341 0.782 .85000000000000000000
average_term_similarity.csv 74 81 4 341 0.83 .90000000000000000000
average_term_similarity.csv 109 46 6 339 0.896 .95000000000000000000
average_term_similarity.csv 124 31 7 338 0.924 1.00000000000000000000
average_term_similarity.csv 135 20 15 330 0.93 1.05000000000000000000
average_term_similarity.csv 140 15 23 322 0.924 1.10000000000000000000
average_term_similarity.csv 145 10 35 310 0.91 1.15000000000000000000
average_term_similarity.csv 147 8 54 291 0.876 1.20000000000000000000
average_term_similarity.csv 148 7 68 277 0.85 1.25000000000000000000
average_term_similarity.csv 149 6 81 264 0.826 1.30000000000000000000
average_term_similarity.csv 150 5 102 243 0.786 1.35000000000000000000
average_term_similarity.csv 151 4 121 224 0.75 1.40000000000000000000
average_term_similarity.csv 152 3 145 200 0.704 1.45000000000000000000
average_term_similarity.csv 152 3 167 178 0.66 1.50000000000000000000
average_term_similarity.csv 152 3 194 151 0.606 1.55000000000000000000
average_term_similarity.csv 152 3 224 121 0.546 1.60000000000000000000
average_term_similarity.csv 152 3 247 98 0.5 1.65000000000000000000
average_term_similarity.csv 152 3 276 69 0.442 1.70000000000000000000
average_term_similarity.csv 152 3 284 61 0.426 1.75000000000000000000
average_term_similarity.csv 153 2 300 45 0.396 1.80000000000000000000
average_term_similarity.csv 154 1 306 39 0.386 1.85000000000000000000
average_term_similarity.csv 154 1 312 33 0.374 1.90000000000000000000
average_term_similarity.csv 154 1 316 29 0.366 1.95000000000000000000
average_term_similarity.csv 154 1 322 23 0.354 2.00000000000000000000
