average_tfidf_similarity.csv 4 151 3 342 0.692 0
average_tfidf_similarity.csv 4 151 3 342 0.692 .05000000000000000000
average_tfidf_similarity.csv 6 149 3 342 0.696 .10000000000000000000
average_tfidf_similarity.csv 6 149 3 342 0.696 .15000000000000000000
average_tfidf_similarity.csv 8 147 3 342 0.7 .20000000000000000000
average_tfidf_similarity.csv 11 144 3 342 0.706 .25000000000000000000
average_tfidf_similarity.csv 19 136 3 342 0.722 .30000000000000000000
average_tfidf_similarity.csv 37 118 3 342 0.758 .35000000000000000000
average_tfidf_similarity.csv 56 99 3 342 0.796 .40000000000000000000
average_tfidf_similarity.csv 75 80 3 342 0.834 .45000000000000000000
average_tfidf_similarity.csv 100 55 4 341 0.882 .50000000000000000000
average_tfidf_similarity.csv 116 39 4 341 0.914 .55000000000000000000
average_tfidf_similarity.csv 125 30 6 339 0.928 .60000000000000000000
average_tfidf_similarity.csv 135 20 6 339 0.948 .65000000000000000000
average_tfidf_similarity.csv 137 18 6 339 0.952 .70000000000000000000
average_tfidf_similarity.csv 138 17 7 338 0.952 .75000000000000000000
average_tfidf_similarity.csv 140 15 11 334 0.948 .80000000000000000000
average_tfidf_similarity.csv 142 13 17 328 0.94 .85000000000000000000
average_tfidf_similarity.csv 144 11 26 319 0.926 .90000000000000000000
average_tfidf_similarity.csv 145 10 36 309 0.908 .95000000000000000000
average_tfidf_similarity.csv 145 10 49 296 0.882 1.00000000000000000000
average_tfidf_similarity.csv 147 8 56 289 0.872 1.05000000000000000000
average_tfidf_similarity.csv 148 7 68 277 0.85 1.10000000000000000000
average_tfidf_similarity.csv 149 6 78 267 0.832 1.15000000000000000000
average_tfidf_similarity.csv 150 5 87 258 0.816 1.20000000000000000000
average_tfidf_similarity.csv 150 5 101 244 0.788 1.25000000000000000000
average_tfidf_similarity.csv 150 5 116 229 0.758 1.30000000000000000000
average_tfidf_similarity.csv 152 3 126 219 0.742 1.35000000000000000000
average_tfidf_similarity.csv 152 3 135 210 0.724 1.40000000000000000000
average_tfidf_similarity.csv 152 3 153 192 0.688 1.45000000000000000000
average_tfidf_similarity.csv 152 3 164 181 0.666 1.50000000000000000000
average_tfidf_similarity.csv 153 2 176 169 0.644 1.55000000000000000000
average_tfidf_similarity.csv 153 2 192 153 0.612 1.60000000000000000000
average_tfidf_similarity.csv 153 2 204 141 0.588 1.65000000000000000000
average_tfidf_similarity.csv 153 2 211 134 0.574 1.70000000000000000000
average_tfidf_similarity.csv 153 2 224 121 0.548 1.75000000000000000000
average_tfidf_similarity.csv 153 2 236 109 0.524 1.80000000000000000000
average_tfidf_similarity.csv 154 1 250 95 0.498 1.85000000000000000000
average_tfidf_similarity.csv 154 1 256 89 0.486 1.90000000000000000000
average_tfidf_similarity.csv 154 1 260 85 0.478 1.95000000000000000000
average_tfidf_similarity.csv 154 1 268 77 0.462 2.00000000000000000000
