document_similarity.csv 3 148 0 349 0.704 0
document_similarity.csv 3 148 0 349 0.704 .05000000000000000000
document_similarity.csv 3 148 0 349 0.704 .10000000000000000000
document_similarity.csv 3 148 0 349 0.704 .15000000000000000000
document_similarity.csv 3 148 0 349 0.704 .20000000000000000000
document_similarity.csv 4 147 0 349 0.706 .25000000000000000000
document_similarity.csv 5 146 0 349 0.708 .30000000000000000000
document_similarity.csv 6 145 0 349 0.71 .35000000000000000000
document_similarity.csv 9 142 0 349 0.716 .40000000000000000000
document_similarity.csv 13 138 0 349 0.724 .45000000000000000000
document_similarity.csv 18 133 0 349 0.734 .50000000000000000000
document_similarity.csv 29 122 0 349 0.756 .55000000000000000000
document_similarity.csv 43 108 0 349 0.784 .60000000000000000000
document_similarity.csv 55 96 0 349 0.808 .65000000000000000000
document_similarity.csv 69 82 0 349 0.836 .70000000000000000000
document_similarity.csv 85 66 1 348 0.866 .75000000000000000000
document_similarity.csv 104 47 3 346 0.9 .80000000000000000000
document_similarity.csv 116 35 6 343 0.918 .85000000000000000000
document_similarity.csv 139 12 7 342 0.962 .90000000000000000000
document_similarity.csv 143 8 11 338 0.962 .95000000000000000000
document_similarity.csv 145 6 19 330 0.95 1.00000000000000000000
document_similarity.csv 145 6 33 316 0.922 1.05000000000000000000
document_similarity.csv 145 6 46 303 0.896 1.10000000000000000000
document_similarity.csv 147 4 72 277 0.848 1.15000000000000000000
document_similarity.csv 147 4 113 236 0.766 1.20000000000000000000
document_similarity.csv 150 1 136 213 0.726 1.25000000000000000000
document_similarity.csv 150 1 161 188 0.676 1.30000000000000000000
document_similarity.csv 151 0 180 169 0.64 1.35000000000000000000
document_similarity.csv 151 0 207 142 0.586 1.40000000000000000000
document_similarity.csv 151 0 230 119 0.54 1.45000000000000000000
document_similarity.csv 151 0 250 99 0.5 1.50000000000000000000
document_similarity.csv 151 0 271 78 0.458 1.55000000000000000000
document_similarity.csv 151 0 284 65 0.432 1.60000000000000000000
document_similarity.csv 151 0 296 53 0.408 1.65000000000000000000
document_similarity.csv 151 0 312 37 0.376 1.70000000000000000000
document_similarity.csv 151 0 323 26 0.354 1.75000000000000000000
document_similarity.csv 151 0 327 22 0.346 1.80000000000000000000
document_similarity.csv 151 0 330 19 0.34 1.85000000000000000000
document_similarity.csv 151 0 337 12 0.326 1.90000000000000000000
document_similarity.csv 151 0 338 11 0.324 1.95000000000000000000
document_similarity.csv 151 0 340 9 0.32 2.00000000000000000000
