document_similarity.csv 4 160 0 336 0.68 0
document_similarity.csv 4 160 0 336 0.68 .05000000000000000000
document_similarity.csv 4 160 0 336 0.68 .10000000000000000000
document_similarity.csv 4 160 0 336 0.68 .15000000000000000000
document_similarity.csv 6 158 0 336 0.684 .20000000000000000000
document_similarity.csv 6 158 0 336 0.684 .25000000000000000000
document_similarity.csv 7 157 0 336 0.686 .30000000000000000000
document_similarity.csv 7 157 0 336 0.686 .35000000000000000000
document_similarity.csv 7 157 0 336 0.686 .40000000000000000000
document_similarity.csv 8 156 0 336 0.688 .45000000000000000000
document_similarity.csv 9 155 0 336 0.69 .50000000000000000000
document_similarity.csv 15 149 0 336 0.702 .55000000000000000000
document_similarity.csv 24 140 0 336 0.72 .60000000000000000000
document_similarity.csv 31 133 0 336 0.734 .65000000000000000000
document_similarity.csv 41 123 0 336 0.754 .70000000000000000000
document_similarity.csv 51 113 1 335 0.772 .75000000000000000000
document_similarity.csv 70 94 1 335 0.81 .80000000000000000000
document_similarity.csv 90 74 1 335 0.85 .85000000000000000000
document_similarity.csv 105 59 3 333 0.876 .90000000000000000000
document_similarity.csv 125 39 3 333 0.916 .95000000000000000000
document_similarity.csv 143 21 6 330 0.946 1.00000000000000000000
document_similarity.csv 148 16 12 324 0.944 1.05000000000000000000
document_similarity.csv 152 12 17 319 0.942 1.10000000000000000000
document_similarity.csv 156 8 26 310 0.932 1.15000000000000000000
document_similarity.csv 157 7 37 299 0.912 1.20000000000000000000
document_similarity.csv 160 4 50 286 0.892 1.25000000000000000000
document_similarity.csv 163 1 74 262 0.85 1.30000000000000000000
document_similarity.csv 163 1 93 243 0.812 1.35000000000000000000
document_similarity.csv 163 1 115 221 0.768 1.40000000000000000000
document_similarity.csv 164 0 131 205 0.738 1.45000000000000000000
document_similarity.csv 164 0 149 187 0.702 1.50000000000000000000
document_similarity.csv 164 0 167 169 0.666 1.55000000000000000000
document_similarity.csv 164 0 185 151 0.63 1.60000000000000000000
document_similarity.csv 164 0 215 121 0.57 1.65000000000000000000
document_similarity.csv 164 0 238 98 0.524 1.70000000000000000000
document_similarity.csv 164 0 251 85 0.498 1.75000000000000000000
document_similarity.csv 164 0 261 75 0.478 1.80000000000000000000
document_similarity.csv 164 0 271 65 0.458 1.85000000000000000000
document_similarity.csv 164 0 279 57 0.442 1.90000000000000000000
document_similarity.csv 164 0 284 52 0.432 1.95000000000000000000
document_similarity.csv 164 0 292 44 0.416 2.00000000000000000000
