document_similarity.csv 4 151 3 342 0.692 0
document_similarity.csv 4 151 3 342 0.692 .05000000000000000000
document_similarity.csv 4 151 3 342 0.692 .10000000000000000000
document_similarity.csv 4 151 3 342 0.692 .15000000000000000000
document_similarity.csv 4 151 3 342 0.692 .20000000000000000000
document_similarity.csv 4 151 3 342 0.692 .25000000000000000000
document_similarity.csv 4 151 3 342 0.692 .30000000000000000000
document_similarity.csv 6 149 3 342 0.696 .35000000000000000000
document_similarity.csv 10 145 3 342 0.704 .40000000000000000000
document_similarity.csv 12 143 3 342 0.708 .45000000000000000000
document_similarity.csv 24 131 3 342 0.732 .50000000000000000000
document_similarity.csv 39 116 4 341 0.76 .55000000000000000000
document_similarity.csv 52 103 4 341 0.786 .60000000000000000000
document_similarity.csv 68 87 5 340 0.816 .65000000000000000000
document_similarity.csv 83 72 5 340 0.846 .70000000000000000000
document_similarity.csv 99 56 6 339 0.876 .75000000000000000000
document_similarity.csv 112 43 6 339 0.902 .80000000000000000000
document_similarity.csv 123 32 9 336 0.918 .85000000000000000000
document_similarity.csv 142 13 12 333 0.95 .90000000000000000000
document_similarity.csv 149 6 16 329 0.956 .95000000000000000000
document_similarity.csv 151 4 24 321 0.944 1.00000000000000000000
document_similarity.csv 153 2 40 305 0.916 1.05000000000000000000
document_similarity.csv 154 1 58 287 0.882 1.10000000000000000000
document_similarity.csv 154 1 76 269 0.846 1.15000000000000000000
document_similarity.csv 154 1 92 253 0.814 1.20000000000000000000
document_similarity.csv 154 1 117 228 0.764 1.25000000000000000000
document_similarity.csv 155 0 143 202 0.714 1.30000000000000000000
document_similarity.csv 155 0 168 177 0.664 1.35000000000000000000
document_similarity.csv 155 0 193 152 0.614 1.40000000000000000000
document_similarity.csv 155 0 217 128 0.566 1.45000000000000000000
document_similarity.csv 155 0 239 106 0.522 1.50000000000000000000
document_similarity.csv 155 0 261 84 0.478 1.55000000000000000000
document_similarity.csv 155 0 275 70 0.45 1.60000000000000000000
document_similarity.csv 155 0 289 56 0.422 1.65000000000000000000
document_similarity.csv 155 0 300 45 0.4 1.70000000000000000000
document_similarity.csv 155 0 314 31 0.372 1.75000000000000000000
document_similarity.csv 155 0 320 25 0.36 1.80000000000000000000
document_similarity.csv 155 0 324 21 0.352 1.85000000000000000000
document_similarity.csv 155 0 331 14 0.338 1.90000000000000000000
document_similarity.csv 155 0 334 11 0.332 1.95000000000000000000
document_similarity.csv 155 0 336 9 0.328 2.00000000000000000000
