document_similarity.csv 0 143 2 355 0.71 0
document_similarity.csv 0 143 2 355 0.71 .05000000000000000000
document_similarity.csv 0 143 2 355 0.71 .10000000000000000000
document_similarity.csv 0 143 2 355 0.71 .15000000000000000000
document_similarity.csv 0 143 2 355 0.71 .20000000000000000000
document_similarity.csv 0 143 2 355 0.71 .25000000000000000000
document_similarity.csv 0 143 2 355 0.71 .30000000000000000000
document_similarity.csv 0 143 2 355 0.71 .35000000000000000000
document_similarity.csv 3 140 2 355 0.716 .40000000000000000000
document_similarity.csv 6 137 2 355 0.722 .45000000000000000000
document_similarity.csv 10 133 2 355 0.73 .50000000000000000000
document_similarity.csv 23 120 3 354 0.754 .55000000000000000000
document_similarity.csv 34 109 3 354 0.776 .60000000000000000000
document_similarity.csv 55 88 4 353 0.816 .65000000000000000000
document_similarity.csv 65 78 4 353 0.836 .70000000000000000000
document_similarity.csv 78 65 5 352 0.86 .75000000000000000000
document_similarity.csv 95 48 6 351 0.892 .80000000000000000000
document_similarity.csv 112 31 8 349 0.922 .85000000000000000000
document_similarity.csv 126 17 11 346 0.944 .90000000000000000000
document_similarity.csv 131 12 15 342 0.946 .95000000000000000000
document_similarity.csv 136 7 24 333 0.938 1.00000000000000000000
document_similarity.csv 138 5 41 316 0.908 1.05000000000000000000
document_similarity.csv 139 4 69 288 0.854 1.10000000000000000000
document_similarity.csv 141 2 104 253 0.788 1.15000000000000000000
document_similarity.csv 142 1 133 224 0.732 1.20000000000000000000
document_similarity.csv 143 0 154 203 0.692 1.25000000000000000000
document_similarity.csv 143 0 180 177 0.64 1.30000000000000000000
document_similarity.csv 143 0 204 153 0.592 1.35000000000000000000
document_similarity.csv 143 0 231 126 0.538 1.40000000000000000000
document_similarity.csv 143 0 250 107 0.5 1.45000000000000000000
document_similarity.csv 143 0 266 91 0.468 1.50000000000000000000
document_similarity.csv 143 0 274 83 0.452 1.55000000000000000000
document_similarity.csv 143 0 282 75 0.436 1.60000000000000000000
document_similarity.csv 143 0 293 64 0.414 1.65000000000000000000
document_similarity.csv 143 0 306 51 0.388 1.70000000000000000000
document_similarity.csv 143 0 316 41 0.368 1.75000000000000000000
document_similarity.csv 143 0 322 35 0.356 1.80000000000000000000
document_similarity.csv 143 0 328 29 0.344 1.85000000000000000000
document_similarity.csv 143 0 334 23 0.332 1.90000000000000000000
document_similarity.csv 143 0 339 18 0.322 1.95000000000000000000
document_similarity.csv 143 0 343 14 0.314 2.00000000000000000000
