document_similarity.csv 4 144 1 351 0.71 0
document_similarity.csv 4 144 1 351 0.71 .05000000000000000000
document_similarity.csv 4 144 1 351 0.71 .10000000000000000000
document_similarity.csv 4 144 1 351 0.71 .15000000000000000000
document_similarity.csv 4 144 1 351 0.71 .20000000000000000000
document_similarity.csv 4 144 1 351 0.71 .25000000000000000000
document_similarity.csv 5 143 1 351 0.712 .30000000000000000000
document_similarity.csv 6 142 1 351 0.714 .35000000000000000000
document_similarity.csv 10 138 1 351 0.722 .40000000000000000000
document_similarity.csv 12 136 1 351 0.726 .45000000000000000000
document_similarity.csv 22 126 1 351 0.746 .50000000000000000000
document_similarity.csv 40 108 1 351 0.782 .55000000000000000000
document_similarity.csv 54 94 1 351 0.81 .60000000000000000000
document_similarity.csv 72 76 1 351 0.846 .65000000000000000000
document_similarity.csv 91 57 1 351 0.884 .70000000000000000000
document_similarity.csv 96 52 1 351 0.894 .75000000000000000000
document_similarity.csv 108 40 2 350 0.916 .80000000000000000000
document_similarity.csv 119 29 6 346 0.93 .85000000000000000000
document_similarity.csv 134 14 9 343 0.954 .90000000000000000000
document_similarity.csv 139 9 14 338 0.954 .95000000000000000000
document_similarity.csv 143 5 25 327 0.94 1.00000000000000000000
document_similarity.csv 144 4 38 314 0.916 1.05000000000000000000
document_similarity.csv 144 4 56 296 0.88 1.10000000000000000000
document_similarity.csv 147 1 79 273 0.84 1.15000000000000000000
document_similarity.csv 147 1 102 250 0.794 1.20000000000000000000
document_similarity.csv 148 0 143 209 0.714 1.25000000000000000000
document_similarity.csv 148 0 162 190 0.676 1.30000000000000000000
document_similarity.csv 148 0 181 171 0.638 1.35000000000000000000
document_similarity.csv 148 0 219 133 0.562 1.40000000000000000000
document_similarity.csv 148 0 241 111 0.518 1.45000000000000000000
document_similarity.csv 148 0 259 93 0.482 1.50000000000000000000
document_similarity.csv 148 0 280 72 0.44 1.55000000000000000000
document_similarity.csv 148 0 289 63 0.422 1.60000000000000000000
document_similarity.csv 148 0 296 56 0.408 1.65000000000000000000
document_similarity.csv 148 0 305 47 0.39 1.70000000000000000000
document_similarity.csv 148 0 315 37 0.37 1.75000000000000000000
document_similarity.csv 148 0 319 33 0.362 1.80000000000000000000
document_similarity.csv 148 0 328 24 0.344 1.85000000000000000000
document_similarity.csv 148 0 329 23 0.342 1.90000000000000000000
document_similarity.csv 148 0 337 15 0.326 1.95000000000000000000
document_similarity.csv 148 0 341 11 0.318 2.00000000000000000000
