document_similarity.csv 0 164 0 336 0.672 0
document_similarity.csv 0 164 0 336 0.672 .05000000000000000000
document_similarity.csv 0 164 0 336 0.672 .10000000000000000000
document_similarity.csv 0 164 0 336 0.672 .15000000000000000000
document_similarity.csv 0 164 0 336 0.672 .20000000000000000000
document_similarity.csv 0 164 0 336 0.672 .25000000000000000000
document_similarity.csv 0 164 0 336 0.672 .30000000000000000000
document_similarity.csv 0 164 0 336 0.672 .35000000000000000000
document_similarity.csv 0 164 0 336 0.672 .40000000000000000000
document_similarity.csv 0 164 0 336 0.672 .45000000000000000000
document_similarity.csv 1 163 0 336 0.674 .50000000000000000000
document_similarity.csv 6 158 0 336 0.684 .55000000000000000000
document_similarity.csv 18 146 0 336 0.708 .60000000000000000000
document_similarity.csv 33 131 0 336 0.738 .65000000000000000000
document_similarity.csv 43 121 1 335 0.756 .70000000000000000000
document_similarity.csv 57 107 2 334 0.782 .75000000000000000000
document_similarity.csv 75 89 2 334 0.818 .80000000000000000000
document_similarity.csv 92 72 2 334 0.852 .85000000000000000000
document_similarity.csv 100 64 3 333 0.866 .90000000000000000000
document_similarity.csv 117 47 5 331 0.896 .95000000000000000000
document_similarity.csv 139 25 6 330 0.938 1.00000000000000000000
document_similarity.csv 146 18 13 323 0.938 1.05000000000000000000
document_similarity.csv 152 12 21 315 0.934 1.10000000000000000000
document_similarity.csv 156 8 29 307 0.926 1.15000000000000000000
document_similarity.csv 159 5 44 292 0.902 1.20000000000000000000
document_similarity.csv 160 4 64 272 0.864 1.25000000000000000000
document_similarity.csv 162 2 83 253 0.83 1.30000000000000000000
document_similarity.csv 162 2 105 231 0.786 1.35000000000000000000
document_similarity.csv 163 1 128 208 0.742 1.40000000000000000000
document_similarity.csv 163 1 148 188 0.702 1.45000000000000000000
document_similarity.csv 163 1 161 175 0.676 1.50000000000000000000
document_similarity.csv 163 1 190 146 0.618 1.55000000000000000000
document_similarity.csv 163 1 211 125 0.576 1.60000000000000000000
document_similarity.csv 163 1 233 103 0.532 1.65000000000000000000
document_similarity.csv 163 1 255 81 0.488 1.70000000000000000000
document_similarity.csv 164 0 270 66 0.46 1.75000000000000000000
document_similarity.csv 164 0 283 53 0.434 1.80000000000000000000
document_similarity.csv 164 0 289 47 0.422 1.85000000000000000000
document_similarity.csv 164 0 296 40 0.408 1.90000000000000000000
document_similarity.csv 164 0 299 37 0.402 1.95000000000000000000
document_similarity.csv 164 0 304 32 0.392 2.00000000000000000000
