top_ten_term_similarity.csv 3 152 0 345 0.696 0
top_ten_term_similarity.csv 3 152 0 345 0.696 .05000000000000000000
top_ten_term_similarity.csv 3 152 0 345 0.696 .10000000000000000000
top_ten_term_similarity.csv 3 152 0 345 0.696 .15000000000000000000
top_ten_term_similarity.csv 3 152 0 345 0.696 .20000000000000000000
top_ten_term_similarity.csv 3 152 0 345 0.696 .25000000000000000000
top_ten_term_similarity.csv 3 152 0 345 0.696 .30000000000000000000
top_ten_term_similarity.csv 3 152 0 345 0.696 .35000000000000000000
top_ten_term_similarity.csv 3 152 0 345 0.696 .40000000000000000000
top_ten_term_similarity.csv 4 151 0 345 0.698 .45000000000000000000
top_ten_term_similarity.csv 5 150 0 345 0.7 .50000000000000000000
top_ten_term_similarity.csv 12 143 0 345 0.714 .55000000000000000000
top_ten_term_similarity.csv 15 140 0 345 0.72 .60000000000000000000
top_ten_term_similarity.csv 19 136 0 345 0.728 .65000000000000000000
top_ten_term_similarity.csv 28 127 0 345 0.746 .70000000000000000000
top_ten_term_similarity.csv 48 107 1 344 0.784 .75000000000000000000
top_ten_term_similarity.csv 64 91 2 343 0.814 .80000000000000000000
top_ten_term_similarity.csv 84 71 2 343 0.854 .85000000000000000000
top_ten_term_similarity.csv 97 58 2 343 0.88 .90000000000000000000
top_ten_term_similarity.csv 107 48 3 342 0.898 .95000000000000000000
top_ten_term_similarity.csv 115 40 8 337 0.904 1.00000000000000000000
top_ten_term_similarity.csv 124 31 21 324 0.896 1.05000000000000000000
top_ten_term_similarity.csv 130 25 36 309 0.878 1.10000000000000000000
top_ten_term_similarity.csv 134 21 70 275 0.818 1.15000000000000000000
top_ten_term_similarity.csv 143 12 97 248 0.782 1.20000000000000000000
top_ten_term_similarity.csv 146 9 124 221 0.734 1.25000000000000000000
top_ten_term_similarity.csv 151 4 162 183 0.668 1.30000000000000000000
top_ten_term_similarity.csv 151 4 193 152 0.606 1.35000000000000000000
top_ten_term_similarity.csv 151 4 225 120 0.542 1.40000000000000000000
top_ten_term_similarity.csv 151 4 245 100 0.502 1.45000000000000000000
top_ten_term_similarity.csv 151 4 264 81 0.464 1.50000000000000000000
top_ten_term_similarity.csv 152 3 281 64 0.432 1.55000000000000000000
top_ten_term_similarity.csv 152 3 287 58 0.42 1.60000000000000000000
top_ten_term_similarity.csv 152 3 292 53 0.41 1.65000000000000000000
top_ten_term_similarity.csv 152 3 303 42 0.388 1.70000000000000000000
top_ten_term_similarity.csv 152 3 308 37 0.378 1.75000000000000000000
top_ten_term_similarity.csv 152 3 314 31 0.366 1.80000000000000000000
top_ten_term_similarity.csv 152 3 315 30 0.364 1.85000000000000000000
top_ten_term_similarity.csv 152 3 321 24 0.352 1.90000000000000000000
top_ten_term_similarity.csv 153 2 324 21 0.348 1.95000000000000000000
top_ten_term_similarity.csv 153 2 327 18 0.342 2.00000000000000000000
