top_ten_term_similarity.csv 0 143 0 357 0.714 0
top_ten_term_similarity.csv 0 143 0 357 0.714 .05000000000000000000
top_ten_term_similarity.csv 0 143 0 357 0.714 .10000000000000000000
top_ten_term_similarity.csv 0 143 0 357 0.714 .15000000000000000000
top_ten_term_similarity.csv 0 143 0 357 0.714 .20000000000000000000
top_ten_term_similarity.csv 0 143 0 357 0.714 .25000000000000000000
top_ten_term_similarity.csv 0 143 0 357 0.714 .30000000000000000000
top_ten_term_similarity.csv 0 143 0 357 0.714 .35000000000000000000
top_ten_term_similarity.csv 1 142 0 357 0.716 .40000000000000000000
top_ten_term_similarity.csv 1 142 0 357 0.716 .45000000000000000000
top_ten_term_similarity.csv 1 142 0 357 0.716 .50000000000000000000
top_ten_term_similarity.csv 3 140 0 357 0.72 .55000000000000000000
top_ten_term_similarity.csv 8 135 0 357 0.73 .60000000000000000000
top_ten_term_similarity.csv 13 130 0 357 0.74 .65000000000000000000
top_ten_term_similarity.csv 16 127 1 356 0.744 .70000000000000000000
top_ten_term_similarity.csv 28 115 2 355 0.766 .75000000000000000000
top_ten_term_similarity.csv 41 102 3 354 0.79 .80000000000000000000
top_ten_term_similarity.csv 62 81 3 354 0.832 .85000000000000000000
top_ten_term_similarity.csv 81 62 4 353 0.868 .90000000000000000000
top_ten_term_similarity.csv 89 54 6 351 0.88 .95000000000000000000
top_ten_term_similarity.csv 104 39 14 343 0.894 1.00000000000000000000
top_ten_term_similarity.csv 114 29 28 329 0.886 1.05000000000000000000
top_ten_term_similarity.csv 118 25 55 302 0.84 1.10000000000000000000
top_ten_term_similarity.csv 124 19 85 272 0.792 1.15000000000000000000
top_ten_term_similarity.csv 130 13 127 230 0.72 1.20000000000000000000
top_ten_term_similarity.csv 138 5 159 198 0.672 1.25000000000000000000
top_ten_term_similarity.csv 138 5 189 168 0.612 1.30000000000000000000
top_ten_term_similarity.csv 140 3 217 140 0.56 1.35000000000000000000
top_ten_term_similarity.csv 140 3 241 116 0.512 1.40000000000000000000
top_ten_term_similarity.csv 142 1 253 104 0.492 1.45000000000000000000
top_ten_term_similarity.csv 142 1 265 92 0.468 1.50000000000000000000
top_ten_term_similarity.csv 142 1 284 73 0.43 1.55000000000000000000
top_ten_term_similarity.csv 143 0 289 68 0.422 1.60000000000000000000
top_ten_term_similarity.csv 143 0 296 61 0.408 1.65000000000000000000
top_ten_term_similarity.csv 143 0 306 51 0.388 1.70000000000000000000
top_ten_term_similarity.csv 143 0 315 42 0.37 1.75000000000000000000
top_ten_term_similarity.csv 143 0 318 39 0.364 1.80000000000000000000
top_ten_term_similarity.csv 143 0 324 33 0.352 1.85000000000000000000
top_ten_term_similarity.csv 143 0 327 30 0.346 1.90000000000000000000
top_ten_term_similarity.csv 143 0 330 27 0.34 1.95000000000000000000
top_ten_term_similarity.csv 143 0 331 26 0.338 2.00000000000000000000
