top_ten_term_similarity.csv 4 144 0 352 0.712 0
top_ten_term_similarity.csv 4 144 0 352 0.712 .05000000000000000000
top_ten_term_similarity.csv 4 144 0 352 0.712 .10000000000000000000
top_ten_term_similarity.csv 4 144 0 352 0.712 .15000000000000000000
top_ten_term_similarity.csv 4 144 0 352 0.712 .20000000000000000000
top_ten_term_similarity.csv 4 144 0 352 0.712 .25000000000000000000
top_ten_term_similarity.csv 4 144 0 352 0.712 .30000000000000000000
top_ten_term_similarity.csv 4 144 0 352 0.712 .35000000000000000000
top_ten_term_similarity.csv 5 143 0 352 0.714 .40000000000000000000
top_ten_term_similarity.csv 6 142 0 352 0.716 .45000000000000000000
top_ten_term_similarity.csv 7 141 0 352 0.718 .50000000000000000000
top_ten_term_similarity.csv 9 139 0 352 0.722 .55000000000000000000
top_ten_term_similarity.csv 14 134 0 352 0.732 .60000000000000000000
top_ten_term_similarity.csv 21 127 0 352 0.746 .65000000000000000000
top_ten_term_similarity.csv 31 117 0 352 0.766 .70000000000000000000
top_ten_term_similarity.csv 47 101 0 352 0.798 .75000000000000000000
top_ten_term_similarity.csv 66 82 0 352 0.836 .80000000000000000000
top_ten_term_similarity.csv 80 68 0 352 0.864 .85000000000000000000
top_ten_term_similarity.csv 91 57 1 351 0.884 .90000000000000000000
top_ten_term_similarity.csv 102 46 4 348 0.9 .95000000000000000000
top_ten_term_similarity.csv 109 39 10 342 0.902 1.00000000000000000000
top_ten_term_similarity.csv 123 25 26 326 0.898 1.05000000000000000000
top_ten_term_similarity.csv 129 19 43 309 0.876 1.10000000000000000000
top_ten_term_similarity.csv 137 11 73 279 0.832 1.15000000000000000000
top_ten_term_similarity.csv 139 9 107 245 0.768 1.20000000000000000000
top_ten_term_similarity.csv 142 6 143 209 0.702 1.25000000000000000000
top_ten_term_similarity.csv 145 3 170 182 0.654 1.30000000000000000000
top_ten_term_similarity.csv 145 3 195 157 0.604 1.35000000000000000000
top_ten_term_similarity.csv 145 3 223 129 0.548 1.40000000000000000000
top_ten_term_similarity.csv 146 2 248 104 0.5 1.45000000000000000000
top_ten_term_similarity.csv 146 2 261 91 0.474 1.50000000000000000000
top_ten_term_similarity.csv 146 2 284 68 0.428 1.55000000000000000000
top_ten_term_similarity.csv 148 0 294 58 0.412 1.60000000000000000000
top_ten_term_similarity.csv 148 0 299 53 0.402 1.65000000000000000000
top_ten_term_similarity.csv 148 0 303 49 0.394 1.70000000000000000000
top_ten_term_similarity.csv 148 0 310 42 0.38 1.75000000000000000000
top_ten_term_similarity.csv 148 0 311 41 0.378 1.80000000000000000000
top_ten_term_similarity.csv 148 0 313 39 0.374 1.85000000000000000000
top_ten_term_similarity.csv 148 0 318 34 0.364 1.90000000000000000000
top_ten_term_similarity.csv 148 0 318 34 0.364 1.95000000000000000000
top_ten_term_similarity.csv 148 0 321 31 0.358 2.00000000000000000000
