top_ten_term_similarity.csv 2 149 0 349 0.702 0
top_ten_term_similarity.csv 2 149 0 349 0.702 .05000000000000000000
top_ten_term_similarity.csv 2 149 0 349 0.702 .10000000000000000000
top_ten_term_similarity.csv 2 149 0 349 0.702 .15000000000000000000
top_ten_term_similarity.csv 2 149 0 349 0.702 .20000000000000000000
top_ten_term_similarity.csv 2 149 0 349 0.702 .25000000000000000000
top_ten_term_similarity.csv 2 149 0 349 0.702 .30000000000000000000
top_ten_term_similarity.csv 2 149 0 349 0.702 .35000000000000000000
top_ten_term_similarity.csv 3 148 0 349 0.704 .40000000000000000000
top_ten_term_similarity.csv 3 148 0 349 0.704 .45000000000000000000
top_ten_term_similarity.csv 3 148 0 349 0.704 .50000000000000000000
top_ten_term_similarity.csv 4 147 0 349 0.706 .55000000000000000000
top_ten_term_similarity.csv 4 147 0 349 0.706 .60000000000000000000
top_ten_term_similarity.csv 9 142 0 349 0.716 .65000000000000000000
top_ten_term_similarity.csv 10 141 0 349 0.718 .70000000000000000000
top_ten_term_similarity.csv 17 134 0 349 0.732 .75000000000000000000
top_ten_term_similarity.csv 27 124 1 348 0.75 .80000000000000000000
top_ten_term_similarity.csv 47 104 1 348 0.79 .85000000000000000000
top_ten_term_similarity.csv 61 90 4 345 0.812 .90000000000000000000
top_ten_term_similarity.csv 85 66 8 341 0.852 .95000000000000000000
top_ten_term_similarity.csv 99 52 13 336 0.87 1.00000000000000000000
top_ten_term_similarity.csv 118 33 31 318 0.872 1.05000000000000000000
top_ten_term_similarity.csv 128 23 55 294 0.844 1.10000000000000000000
top_ten_term_similarity.csv 133 18 93 256 0.778 1.15000000000000000000
top_ten_term_similarity.csv 138 13 124 225 0.726 1.20000000000000000000
top_ten_term_similarity.csv 140 11 145 204 0.688 1.25000000000000000000
top_ten_term_similarity.csv 143 8 162 187 0.66 1.30000000000000000000
top_ten_term_similarity.csv 144 7 183 166 0.62 1.35000000000000000000
top_ten_term_similarity.csv 145 6 205 144 0.578 1.40000000000000000000
top_ten_term_similarity.csv 146 5 217 132 0.556 1.45000000000000000000
top_ten_term_similarity.csv 148 3 231 118 0.532 1.50000000000000000000
top_ten_term_similarity.csv 148 3 247 102 0.5 1.55000000000000000000
top_ten_term_similarity.csv 148 3 258 91 0.478 1.60000000000000000000
top_ten_term_similarity.csv 148 3 268 81 0.458 1.65000000000000000000
top_ten_term_similarity.csv 149 2 271 78 0.454 1.70000000000000000000
top_ten_term_similarity.csv 149 2 276 73 0.444 1.75000000000000000000
top_ten_term_similarity.csv 149 2 291 58 0.414 1.80000000000000000000
top_ten_term_similarity.csv 149 2 300 49 0.396 1.85000000000000000000
top_ten_term_similarity.csv 150 1 309 40 0.38 1.90000000000000000000
top_ten_term_similarity.csv 150 1 317 32 0.364 1.95000000000000000000
top_ten_term_similarity.csv 150 1 324 25 0.35 2.00000000000000000000
