top_ten_term_similarity.csv 2 162 0 336 0.676 0
top_ten_term_similarity.csv 2 162 0 336 0.676 .05000000000000000000
top_ten_term_similarity.csv 2 162 0 336 0.676 .10000000000000000000
top_ten_term_similarity.csv 2 162 0 336 0.676 .15000000000000000000
top_ten_term_similarity.csv 3 161 0 336 0.678 .20000000000000000000
top_ten_term_similarity.csv 4 160 0 336 0.68 .25000000000000000000
top_ten_term_similarity.csv 4 160 0 336 0.68 .30000000000000000000
top_ten_term_similarity.csv 5 159 0 336 0.682 .35000000000000000000
top_ten_term_similarity.csv 5 159 0 336 0.682 .40000000000000000000
top_ten_term_similarity.csv 5 159 0 336 0.682 .45000000000000000000
top_ten_term_similarity.csv 8 156 0 336 0.688 .50000000000000000000
top_ten_term_similarity.csv 10 154 0 336 0.692 .55000000000000000000
top_ten_term_similarity.csv 14 150 0 336 0.7 .60000000000000000000
top_ten_term_similarity.csv 16 148 0 336 0.704 .65000000000000000000
top_ten_term_similarity.csv 25 139 0 336 0.722 .70000000000000000000
top_ten_term_similarity.csv 36 128 1 335 0.742 .75000000000000000000
top_ten_term_similarity.csv 44 120 1 335 0.758 .80000000000000000000
top_ten_term_similarity.csv 67 97 1 335 0.804 .85000000000000000000
top_ten_term_similarity.csv 84 80 2 334 0.836 .90000000000000000000
top_ten_term_similarity.csv 100 64 4 332 0.864 .95000000000000000000
top_ten_term_similarity.csv 105 59 7 329 0.868 1.00000000000000000000
top_ten_term_similarity.csv 119 45 14 322 0.882 1.05000000000000000000
top_ten_term_similarity.csv 133 31 36 300 0.866 1.10000000000000000000
top_ten_term_similarity.csv 141 23 64 272 0.826 1.15000000000000000000
top_ten_term_similarity.csv 150 14 96 240 0.78 1.20000000000000000000
top_ten_term_similarity.csv 156 8 142 194 0.7 1.25000000000000000000
top_ten_term_similarity.csv 157 7 171 165 0.644 1.30000000000000000000
top_ten_term_similarity.csv 161 3 204 132 0.586 1.35000000000000000000
top_ten_term_similarity.csv 163 1 227 109 0.544 1.40000000000000000000
top_ten_term_similarity.csv 163 1 241 95 0.516 1.45000000000000000000
top_ten_term_similarity.csv 163 1 251 85 0.496 1.50000000000000000000
top_ten_term_similarity.csv 163 1 262 74 0.474 1.55000000000000000000
top_ten_term_similarity.csv 164 0 268 68 0.464 1.60000000000000000000
top_ten_term_similarity.csv 164 0 273 63 0.454 1.65000000000000000000
top_ten_term_similarity.csv 164 0 280 56 0.44 1.70000000000000000000
top_ten_term_similarity.csv 164 0 287 49 0.426 1.75000000000000000000
top_ten_term_similarity.csv 164 0 294 42 0.412 1.80000000000000000000
top_ten_term_similarity.csv 164 0 298 38 0.404 1.85000000000000000000
top_ten_term_similarity.csv 164 0 303 33 0.394 1.90000000000000000000
top_ten_term_similarity.csv 164 0 306 30 0.388 1.95000000000000000000
top_ten_term_similarity.csv 164 0 310 26 0.38 2.00000000000000000000
