top_ten_term_similarity.csv 0 164 0 336 0.672 0
top_ten_term_similarity.csv 0 164 0 336 0.672 .05000000000000000000
top_ten_term_similarity.csv 0 164 0 336 0.672 .10000000000000000000
top_ten_term_similarity.csv 0 164 0 336 0.672 .15000000000000000000
top_ten_term_similarity.csv 0 164 0 336 0.672 .20000000000000000000
top_ten_term_similarity.csv 0 164 0 336 0.672 .25000000000000000000
top_ten_term_similarity.csv 1 163 0 336 0.674 .30000000000000000000
top_ten_term_similarity.csv 1 163 0 336 0.674 .35000000000000000000
top_ten_term_similarity.csv 1 163 0 336 0.674 .40000000000000000000
top_ten_term_similarity.csv 2 162 0 336 0.676 .45000000000000000000
top_ten_term_similarity.csv 2 162 0 336 0.676 .50000000000000000000
top_ten_term_similarity.csv 3 161 0 336 0.678 .55000000000000000000
top_ten_term_similarity.csv 3 161 0 336 0.678 .60000000000000000000
top_ten_term_similarity.csv 5 159 0 336 0.682 .65000000000000000000
top_ten_term_similarity.csv 7 157 0 336 0.686 .70000000000000000000
top_ten_term_similarity.csv 13 151 0 336 0.698 .75000000000000000000
top_ten_term_similarity.csv 26 138 1 335 0.722 .80000000000000000000
top_ten_term_similarity.csv 41 123 2 334 0.75 .85000000000000000000
top_ten_term_similarity.csv 67 97 5 331 0.796 .90000000000000000000
top_ten_term_similarity.csv 95 69 10 326 0.842 .95000000000000000000
top_ten_term_similarity.csv 119 45 20 316 0.87 1.00000000000000000000
top_ten_term_similarity.csv 134 30 39 297 0.862 1.05000000000000000000
top_ten_term_similarity.csv 151 13 64 272 0.846 1.10000000000000000000
top_ten_term_similarity.csv 155 9 95 241 0.792 1.15000000000000000000
top_ten_term_similarity.csv 157 7 134 202 0.718 1.20000000000000000000
top_ten_term_similarity.csv 158 6 156 180 0.676 1.25000000000000000000
top_ten_term_similarity.csv 160 4 170 166 0.652 1.30000000000000000000
top_ten_term_similarity.csv 160 4 186 150 0.62 1.35000000000000000000
top_ten_term_similarity.csv 160 4 200 136 0.592 1.40000000000000000000
top_ten_term_similarity.csv 161 3 219 117 0.556 1.45000000000000000000
top_ten_term_similarity.csv 162 2 232 104 0.532 1.50000000000000000000
top_ten_term_similarity.csv 164 0 243 93 0.514 1.55000000000000000000
top_ten_term_similarity.csv 164 0 255 81 0.49 1.60000000000000000000
top_ten_term_similarity.csv 164 0 264 72 0.472 1.65000000000000000000
top_ten_term_similarity.csv 164 0 273 63 0.454 1.70000000000000000000
top_ten_term_similarity.csv 164 0 282 54 0.436 1.75000000000000000000
top_ten_term_similarity.csv 164 0 291 45 0.418 1.80000000000000000000
top_ten_term_similarity.csv 164 0 296 40 0.408 1.85000000000000000000
top_ten_term_similarity.csv 164 0 304 32 0.392 1.90000000000000000000
top_ten_term_similarity.csv 164 0 309 27 0.382 1.95000000000000000000
top_ten_term_similarity.csv 164 0 312 24 0.376 2.00000000000000000000
